30 30
80
51
-1
0 3 2 9 5 3
0 3 3 9 5 3
3 7 5 4 4 3
11 11 8 10 4 3
2 15 11 2 1 3
6 3 3 0 0 3
6 3 5 0 0 3
8 1 4 0 0 3
7 15 12 0 0 3
10 15 20 10 0 3
9 20 20 99 0 3
6 4 3 0 0 2
6 4 5 0 0 2
8 2 4 0 0 2
7 16 12 0 0 2
7 14 12 0 0 2
7 15 13 0 0 2
6 3 2 0 0 1
6 2 5 0 0 1
8 0 4 0 0 1
6 5 3 0 0 1
6 4 4 0 0 1
8 3 4 0 0 1
7 17 12 0 0 1
7 16 11 0 0 1
7 16 13 0 0 1
7 13 12 0 0 1
7 14 11 0 0 1
7 14 13 0 0 1
7 15 14 0 0 1
6 2 3 0 0 0
6 3 6 0 0 0
8 1 3 0 0 0
6 4 2 0 0 0
6 5 5 0 0 0
6 2 2 0 0 0
6 1 5 0 0 0
8 0 3 0 0 0
6 6 3 0 0 0
6 5 4 0 0 0
7 18 12 0 0 0
7 17 11 0 0 0
7 17 13 0 0 0
7 16 10 0 0 0
7 16 14 0 0 0
7 12 12 0 0 0
7 13 11 0 0 0
7 13 13 0 0 0
7 14 10 0 0 0
7 14 14 0 0 0
7 15 15 0 0 0
